14968.9230769231
15006.3269230769
14980.4038461538
14877.1923076923
14783.9615384615
14701.1923076923
14662.1346153846
14602.9423076923
14641.3846153846
14643.0576923077
14462.9615384615
14344.2884615385
14186.3846153846
14136.5961538462
14146.3269230769
14190.4230769231
14348.5384615385
14419.5576923077
14532.8846153846
14768.8846153846
14928.5769230769
14977.5000000000
15057.0961538462
14926.1730769231
14751.2307692308
14611.1923076923
14365.6538461538
14077.1346153846
13785.4615384615
13454.1923076923
13305.0384615385
13173.4230769231
13112.8653846154
13120.1730769231
13068.1153846154
13130.1153846154
13272.3846153846
13195.8653846154
13212
13342.9807692308
13454.5961538462
13561.2884615385
13615.9038461538
13633.4615384615
13791.5192307692
14022.8846153846
14161.4807692308
14329.0769230769
14614.5384615385
14903.5769230769
15170.0769230769
15743.7692307692
16433.3461538462
17224.0384615385
18456.3461538462
20017.2884615385
21844.0576923077
23748.9038461538
25461.8269230769
26634.9038461538
27337.3461538462
27446.4230769231
26925.3076923077
26069.8846153846
24903.1923076923
23508.1730769231
21982.2884615385
20351.8461538462
18670.6538461538
17157.4038461538
15832.0961538462
14678.7115384615
13746.1730769231
13031.4230769231
12577.3461538462
12340.9423076923
12067.2884615385
11828.0384615385
11747.9807692308
11794.3461538462
11948.0961538462
12142.7884615385
12374.0961538462
12677.5961538462
13091.6346153846
13543.7500000000
13998.2884615385
14430.2692307692
14868.7115384615
15148.8269230769
15403.4423076923
15567.7884615385
15548.7500000000
15367.0961538462
15069.4230769231
14708.8461538462
14296.6538461538
13857.1153846154
13426.8653846154
13032.0576923077
12691.1538461538
12304.1153846154
11968.2884615385
11603.8461538462
11302.8653846154
11030.5769230769
10871.4807692308
10543.9038461538
10355.3846153846
10443.8653846154
10623.4038461538
10220.2307692308
9801.48076923077
9723.25000000000
9619.25000000000
9464.23076923077
9344.51923076923
9280.19230769231
9195.67307692308
9085.19230769231
9060.44230769231
8987.98076923077
8913.15384615385
8901.17307692308
8865.61538461539
8828.75000000000
8868
8861.88461538462
8828.23076923077
8863.26923076923
8763.17307692308
8735.23076923077
8776.15384615385
8700.76923076923
8702.34615384615
8672.32692307692
8577.71153846154
8573.26923076923
8583.67307692308
8543.32692307692
8561.88461538462
8559.76923076923
8520.76923076923
8485.67307692308
8449.11538461539
8491.90384615385
8507.34615384615
8632.69230769231
8903.63461538462